Algorithm: Classic
CLUSTER-1 size: 293 , centroid : 
0 0 0 0 0 0 0 0 0 0 0 0 0 0 0 0 0 0 0 0 0 0 0 0 0 0 0 0 
0 0 0 0 0 0 0 0 0 0 0 0 0 0 0 0 0 0 0 0 0 0 0 0 0 0 0 0 
0 0 0 0 0 0 0 0 0 0 0 0 0 0 0 0 0 0 0 0 0 0 0 0 0 0 0 0 
0 0 0 0 0 0 0 0 0 0 0 0 0 0 0 0 0 0 0 0 0 0 0 0 0 0 0 0 
0 0 0 0 0 0 0 0 0 0 0 0 0 0 0 0 0 0 0 0 0 0 0 0 0 0 0 0 
0 0 0 0 0 0 0 0 0 0 0 0 0 0 0 0 0 0 0 0 0 0 0 0 0 0 0 0 
0 0 0 0 0 0 0 0 0 0 0 0 0 0 0 0 0 0 0 0 0 0 0 0 0 0 0 0 
0 0 0 0 0 0 0 0 0 0 0 0 0 2 18 18 17 6 0 0 0 0 0 0 0 0 0 0 
0 0 0 0 0 0 0 0 0 0 0 0 0 16 24 23 30 24 10 0 0 0 0 0 0 0 0 0 
0 0 0 0 0 0 0 0 0 0 0 0 0 5 17 23 31 27 20 1 0 0 0 0 0 0 0 0 
0 0 0 0 0 0 0 0 0 0 0 0 0 0 3 16 22 22 20 0 0 0 0 0 0 0 0 0 
0 0 0 0 0 0 0 0 0 0 0 0 0 0 17 24 25 18 1 0 0 0 0 0 0 0 0 0 
0 0 0 0 0 0 0 0 0 0 0 0 0 3 30 44 40 20 0 0 0 0 0 0 0 0 0 0 
0 0 0 0 0 0 0 0 0 0 0 0 0 27 54 67 48 18 0 0 0 0 0 0 0 0 0 0 
0 0 0 0 0 0 0 0 0 0 0 0 5 55 75 79 41 6 0 0 0 0 0 0 0 0 0 0 
0 0 0 0 0 0 0 0 0 0 0 0 26 61 74 67 26 0 0 0 0 0 0 0 0 0 0 0 
0 0 0 0 0 0 0 0 0 0 0 0 17 44 59 53 19 0 0 0 0 0 0 0 0 0 0 0 
0 0 0 0 0 0 0 0 0 0 0 0 2 37 54 32 6 0 0 0 0 0 0 0 0 0 0 0 
0 0 0 0 0 0 0 0 0 0 0 0 0 25 44 32 0 0 0 0 0 0 0 0 0 0 0 0 
0 0 0 0 0 0 0 0 0 0 0 0 8 34 47 27 0 0 0 0 0 0 0 0 0 0 0 0 
0 0 0 0 0 0 0 0 0 0 0 4 26 41 43 19 0 0 0 0 0 0 0 0 0 0 0 0 
0 0 0 0 0 0 0 0 0 0 0 13 26 42 27 0 0 0 0 0 0 0 0 0 0 0 0 0 
0 0 0 0 0 0 0 0 0 0 0 3 11 16 1 0 0 0 0 0 0 0 0 0 0 0 0 0 
0 0 0 0 0 0 0 0 0 0 0 0 0 0 0 0 0 0 0 0 0 0 0 0 0 0 0 0 
0 0 0 0 0 0 0 0 0 0 0 0 0 0 0 0 0 0 0 0 0 0 0 0 0 0 0 0 
0 0 0 0 0 0 0 0 0 0 0 0 0 0 0 0 0 0 0 0 0 0 0 0 0 0 0 0 
0 0 0 0 0 0 0 0 0 0 0 0 0 0 0 0 0 0 0 0 0 0 0 0 0 0 0 0 
0 0 0 0 0 0 0 0 0 0 0 0 0 0 0 0 0 0 0 0 0 0 0 0 0 0 0 0 
CLUSTER-2 size: 1 , centroid : 
0 0 0 0 0 0 0 0 0 0 0 0 0 0 0 0 0 0 0 0 0 0 0 0 0 0 0 0 
0 0 0 0 0 0 0 0 0 0 0 0 0 0 0 0 0 0 0 0 0 0 0 0 0 0 0 0 
0 0 0 0 0 0 2 48 205 0 0 0 0 0 0 0 0 0 0 0 0 0 0 0 0 0 0 0 
0 0 0 0 0 2 47 252 208 19 0 0 0 0 0 0 0 0 0 0 0 0 0 0 0 0 0 0 
0 0 0 0 0 48 252 252 252 191 0 0 0 0 0 0 0 0 0 0 0 0 0 0 0 0 0 0 
0 0 0 0 0 254 252 252 252 191 0 0 0 0 0 0 0 0 0 0 0 0 0 0 0 0 0 0 
0 0 0 0 0 254 252 252 252 191 0 0 0 0 0 0 0 0 0 0 0 0 0 0 0 0 0 0 
0 0 0 0 0 254 252 252 238 136 0 0 0 0 0 0 0 0 0 0 0 0 0 0 0 0 0 0 
0 0 0 0 0 254 252 252 203 0 0 0 0 0 0 0 0 0 0 0 66 16 0 0 0 0 0 0 
0 0 0 0 0 255 252 252 204 0 0 0 0 0 0 0 0 61 98 98 216 126 98 9 0 0 0 0 
0 0 0 0 0 255 252 252 204 0 0 0 0 0 0 0 64 198 252 252 252 252 252 122 5 0 0 0 
0 0 0 0 0 254 252 235 106 0 0 0 0 0 59 122 197 252 252 252 252 252 252 252 10 0 0 0 
0 0 0 0 0 254 252 235 108 0 0 0 52 133 190 252 252 252 252 252 252 252 252 252 138 0 0 0 
0 0 0 0 0 254 252 252 232 111 0 0 98 252 252 252 252 252 252 252 252 252 252 252 252 0 0 0 
0 0 0 0 0 254 252 252 252 229 157 157 194 252 252 252 252 252 252 252 252 252 252 252 252 0 0 0 
0 0 0 0 0 92 252 252 252 252 252 252 252 252 252 252 154 83 83 205 252 252 252 252 252 0 0 0 
0 0 0 0 0 13 252 252 252 252 252 252 252 252 252 252 211 182 182 232 252 252 252 252 252 0 0 0 
0 0 0 0 0 3 77 252 252 252 252 252 252 252 252 252 252 252 252 252 252 252 252 252 66 0 0 0 
0 0 0 0 0 0 25 252 252 252 252 252 252 252 252 252 252 252 252 252 252 252 252 65 2 0 0 0 
0 0 0 0 0 0 4 66 252 252 252 252 252 252 252 252 252 252 252 252 252 252 64 3 0 0 0 0 
0 0 0 0 0 0 0 4 22 78 252 252 252 252 252 252 252 252 252 252 252 65 3 0 0 0 0 0 
0 0 0 0 0 0 0 0 0 3 80 252 252 252 252 252 252 252 252 78 10 2 0 0 0 0 0 0 
0 0 0 0 0 0 0 0 0 0 0 0 0 0 0 0 0 0 0 0 0 0 0 0 0 0 0 0 
0 0 0 0 0 0 0 0 0 0 0 0 0 0 0 0 0 0 0 0 0 0 0 0 0 0 0 0 
0 0 0 0 0 0 0 0 0 0 0 0 0 0 0 0 0 0 0 0 0 0 0 0 0 0 0 0 
0 0 0 0 0 0 0 0 0 0 0 0 0 0 0 0 0 0 0 0 0 0 0 0 0 0 0 0 
0 0 0 0 0 0 0 0 0 0 0 0 0 0 0 0 0 0 0 0 0 0 0 0 0 0 0 0 
0 0 0 0 0 0 0 0 0 0 0 0 0 0 0 0 0 0 0 0 0 0 0 0 0 0 0 0 
CLUSTER-3 size: 286 , centroid : 
0 0 0 0 0 0 0 0 0 0 0 0 0 0 0 0 0 0 0 0 0 0 0 0 0 0 0 0 
0 0 0 0 0 0 0 0 0 0 0 0 0 0 0 0 0 0 0 0 0 0 0 0 0 0 0 0 
0 0 0 0 0 0 0 0 0 0 0 0 0 0 0 0 0 0 0 0 0 0 0 0 0 0 0 0 
0 0 0 0 0 0 0 0 0 0 0 0 0 0 0 0 0 0 0 0 0 0 0 0 0 0 0 0 
0 0 0 0 0 0 0 0 0 0 0 0 0 0 0 0 0 0 0 0 0 0 0 0 0 0 0 0 
0 0 0 0 0 0 0 0 0 0 0 0 0 0 1 2 0 0 0 0 0 0 0 0 0 0 0 0 
0 0 0 0 0 0 0 0 0 0 0 0 0 24 44 51 35 16 6 0 0 0 0 0 0 0 0 0 
0 0 0 0 0 0 0 0 0 0 0 17 38 62 61 56 53 47 32 14 0 0 0 0 0 0 0 0 
0 0 0 0 0 0 0 0 0 0 16 35 54 54 46 27 33 39 36 31 3 0 0 0 0 0 0 0 
0 0 0 0 0 0 0 0 0 0 17 41 35 27 0 0 0 19 30 28 2 0 0 0 0 0 0 0 
0 0 0 0 0 0 0 0 0 0 24 32 14 0 0 0 0 2 22 22 0 0 0 0 0 0 0 0 
0 0 0 0 0 0 0 0 0 4 20 12 0 0 0 0 0 10 28 13 0 0 0 0 0 0 0 0 
0 0 0 0 0 0 0 0 0 17 21 0 0 0 0 0 9 30 31 4 0 0 0 0 0 0 0 0 
0 0 0 0 0 0 0 0 0 9 3 0 0 0 0 11 38 49 28 0 0 0 0 0 0 0 0 0 
0 0 0 0 0 0 0 0 0 8 0 0 0 0 9 22 46 50 30 0 0 0 0 0 0 0 0 0 
0 0 0 0 0 0 0 0 0 0 0 0 0 0 1 23 40 47 15 0 0 0 0 0 0 0 0 0 
0 0 0 0 0 0 0 0 0 0 0 0 0 0 0 21 32 35 14 0 0 0 0 0 0 0 0 0 
0 0 0 0 0 0 0 0 0 0 0 0 0 0 0 15 27 28 13 0 0 0 0 0 0 0 0 0 
0 0 0 0 0 0 0 0 0 0 0 0 0 0 0 22 29 28 18 0 0 0 0 0 0 0 0 0 
0 0 0 0 0 0 0 0 0 0 0 0 0 0 13 39 47 31 19 0 0 0 0 0 0 0 0 0 
0 0 0 0 0 0 0 0 0 0 0 0 4 24 47 60 44 30 6 0 0 0 0 0 0 0 0 0 
0 0 0 0 0 0 0 0 0 4 10 26 37 48 57 51 42 17 0 0 0 0 0 0 0 0 0 0 
0 0 0 0 0 0 0 0 0 0 20 35 46 44 45 34 8 0 0 0 0 0 0 0 0 0 0 0 
0 0 0 0 0 0 0 0 0 0 0 10 19 14 3 0 0 0 0 0 0 0 0 0 0 0 0 0 
0 0 0 0 0 0 0 0 0 0 0 0 0 0 0 0 0 0 0 0 0 0 0 0 0 0 0 0 
0 0 0 0 0 0 0 0 0 0 0 0 0 0 0 0 0 0 0 0 0 0 0 0 0 0 0 0 
0 0 0 0 0 0 0 0 0 0 0 0 0 0 0 0 0 0 0 0 0 0 0 0 0 0 0 0 
0 0 0 0 0 0 0 0 0 0 0 0 0 0 0 0 0 0 0 0 0 0 0 0 0 0 0 0 
CLUSTER-4 size: 7 , centroid : 
0 0 0 0 0 0 0 0 0 0 0 0 0 0 0 0 0 0 0 0 0 0 0 0 0 0 0 0 
0 0 0 0 0 0 0 0 0 0 0 0 0 0 0 0 0 0 0 0 0 0 0 0 0 0 0 0 
0 0 0 0 0 0 0 0 0 0 0 0 0 0 0 0 0 0 0 0 0 0 0 0 0 0 0 0 
0 0 0 0 0 0 0 0 0 0 0 0 0 0 0 16 28 3 0 0 0 0 0 0 0 0 0 0 
0 0 0 0 4 9 0 0 0 0 0 0 0 0 0 16 31 22 31 8 0 0 0 0 0 0 0 0 
0 0 0 0 26 29 6 0 0 0 0 0 0 0 0 16 31 43 31 28 0 0 0 0 0 0 0 0 
0 0 0 10 29 30 7 0 0 0 7 17 38 17 22 83 126 126 34 28 0 0 0 0 0 0 0 0 
0 0 0 14 30 30 10 4 14 98 113 128 140 142 126 130 185 178 146 38 3 0 0 0 0 0 0 0 
0 0 0 15 30 32 38 98 132 153 155 156 157 146 126 126 178 200 201 74 29 0 0 0 0 0 0 0 
0 0 0 30 30 47 141 136 154 163 180 154 138 102 94 98 168 196 213 102 59 5 0 0 0 0 0 0 
0 0 0 30 100 138 157 140 159 181 164 125 30 63 63 63 114 175 221 137 73 17 0 0 0 0 0 0 
0 0 0 14 115 182 184 172 103 79 57 28 1 63 63 63 113 168 203 228 70 23 0 0 0 0 0 0 
0 0 0 0 126 189 205 195 81 59 35 1 0 63 63 90 134 171 212 212 61 10 3 0 0 0 0 0 
0 0 0 0 116 211 234 212 167 115 79 92 98 98 132 162 108 204 220 205 134 28 29 8 0 0 0 0 
0 0 0 0 46 226 250 220 193 172 178 182 184 180 186 125 120 211 220 206 153 39 16 0 0 0 0 0 
0 0 0 0 37 130 167 251 247 234 228 218 216 153 144 136 131 142 229 232 154 83 0 0 0 0 0 0 
0 0 0 0 36 96 129 148 226 243 231 143 125 121 109 112 116 147 248 241 180 95 0 0 0 0 0 0 
0 0 0 0 2 43 46 56 58 51 51 54 53 54 53 53 55 101 242 253 215 128 6 0 0 0 0 0 
0 0 0 0 0 0 0 0 9 14 29 30 30 30 29 29 18 73 222 251 219 137 29 0 0 0 0 0 
0 0 0 0 0 0 0 0 0 0 0 7 14 9 0 0 0 39 206 250 202 129 30 0 0 0 0 0 
0 0 0 0 0 0 0 0 0 0 0 0 0 0 0 0 0 35 184 238 219 136 110 0 0 0 0 0 
0 0 0 0 0 0 0 0 0 0 0 0 0 0 0 0 0 35 111 215 225 146 120 0 0 0 0 0 
0 0 0 0 0 0 0 0 0 0 0 0 0 0 0 0 0 28 94 190 208 146 123 85 2 0 0 0 
0 0 0 0 0 0 0 0 0 0 0 0 0 0 0 0 0 0 44 160 156 121 100 94 14 0 0 0 
0 0 0 0 0 0 0 0 0 0 0 0 0 0 0 0 0 0 21 126 126 85 89 30 14 0 0 0 
0 0 0 0 0 0 0 0 0 0 0 0 0 0 0 0 0 0 17 60 117 74 84 29 5 0 0 0 
0 0 0 0 0 0 0 0 0 0 0 0 0 0 0 0 0 0 5 28 16 3 0 0 0 0 0 0 
0 0 0 0 0 0 0 0 0 0 0 0 0 0 0 0 0 0 0 0 0 0 0 0 0 0 0 0 
CLUSTER-5 size: 17 , centroid : 
0 0 0 0 0 0 0 0 0 0 0 0 0 0 0 0 0 0 0 0 0 0 0 0 0 0 0 0 
0 0 0 0 0 0 0 0 0 0 0 0 0 0 0 0 1 12 5 0 0 0 0 0 0 0 0 0 
0 0 0 0 0 0 0 0 0 0 2 12 7 8 9 9 11 12 9 8 8 0 0 0 0 0 0 0 
0 0 0 0 0 0 0 0 0 0 3 13 23 24 45 60 57 61 53 39 39 5 0 0 0 0 0 0 
0 0 0 0 0 0 0 0 0 0 7 24 38 77 90 106 105 91 70 45 33 0 0 0 0 0 0 0 
0 0 0 0 0 0 0 0 0 13 29 46 121 132 153 151 121 104 83 51 30 0 11 9 0 0 0 0 
0 0 0 0 0 0 0 0 16 53 100 151 176 186 211 179 145 115 72 62 52 0 11 10 0 0 0 0 
0 0 0 0 0 0 0 24 60 124 177 228 222 215 192 163 131 83 70 72 35 9 11 15 14 0 0 0 
0 0 0 0 0 0 21 72 97 174 223 232 221 187 149 105 87 84 84 76 53 20 19 24 22 9 0 0 
0 0 0 0 0 13 53 90 150 187 224 215 187 149 120 78 69 77 76 66 48 38 38 25 17 6 0 0 
0 0 0 0 9 23 51 107 171 186 190 160 158 121 57 70 52 63 63 68 51 49 39 23 11 0 0 0 
0 0 0 0 10 26 65 126 159 171 152 149 146 71 48 63 54 74 79 82 56 54 47 19 0 0 0 0 
0 0 0 0 10 16 86 126 162 177 150 152 148 104 111 101 125 140 120 91 87 81 52 15 0 0 0 0 
0 0 0 0 0 8 89 132 166 187 167 175 170 151 163 172 182 189 142 101 90 75 51 20 0 0 0 0 
0 0 0 0 0 4 84 121 156 174 171 170 160 159 177 188 204 196 174 135 77 67 51 34 0 0 0 0 
0 0 0 0 0 4 74 101 146 176 161 144 139 153 168 177 207 201 188 146 119 83 58 34 10 0 0 0 
0 0 0 0 0 0 32 106 133 186 183 168 157 160 176 171 189 176 176 149 134 97 43 33 10 0 0 0 
0 0 0 0 0 0 20 97 124 186 209 177 172 170 173 161 163 168 169 148 130 127 82 24 10 0 0 0 
0 0 0 0 0 0 0 40 113 178 213 205 170 159 168 133 128 163 172 164 135 120 94 32 13 0 0 0 
0 0 0 0 0 0 0 17 101 154 173 208 213 192 181 142 146 150 183 164 125 95 71 60 9 0 0 0 
0 0 0 0 0 0 0 0 45 109 143 172 214 220 214 225 167 143 146 144 128 86 68 60 4 0 0 0 
0 0 0 0 0 0 0 0 23 73 120 151 164 180 194 204 198 177 164 138 114 72 64 50 2 0 0 0 
0 0 0 0 0 0 0 0 11 20 77 105 125 120 140 165 151 139 130 101 78 65 49 0 0 0 0 0 
0 0 0 0 0 0 0 0 3 26 33 48 53 63 83 84 77 75 51 47 34 17 0 0 0 0 0 0 
0 0 0 0 0 0 0 0 0 0 15 29 36 38 37 24 15 10 3 8 12 4 0 0 0 0 0 0 
0 0 0 0 0 0 0 0 0 0 0 4 11 13 16 5 0 0 0 0 0 0 0 0 0 0 0 0 
0 0 0 0 0 0 0 0 0 0 0 0 0 0 0 0 0 0 0 0 0 0 0 0 0 0 0 0 
0 0 0 0 0 0 0 0 0 0 0 0 0 0 0 0 0 0 0 0 0 0 0 0 0 0 0 0 
CLUSTER-6 size: 1 , centroid : 
0 0 0 0 0 0 0 0 0 0 0 0 0 0 0 0 0 0 0 0 0 0 0 0 0 0 0 0 
0 0 0 0 0 0 0 0 0 0 0 0 0 0 0 0 0 0 0 0 0 0 0 0 0 0 0 0 
0 0 0 0 0 0 0 0 0 0 0 0 0 0 0 0 0 0 0 0 0 0 0 0 0 0 0 0 
0 0 0 0 0 0 0 0 0 0 0 0 0 0 0 0 0 0 0 0 0 0 0 0 0 0 0 0 
0 0 0 0 0 0 0 0 0 0 0 0 0 0 0 0 0 0 0 0 0 0 0 0 0 0 0 0 
0 0 0 0 0 0 0 0 0 0 0 0 0 0 0 0 0 0 0 0 0 0 0 0 0 0 0 0 
0 0 0 0 0 0 0 0 0 0 0 56 152 254 254 254 146 52 28 40 55 0 0 0 0 0 0 0 
0 0 0 0 0 0 0 0 0 0 24 208 253 253 253 253 253 227 215 221 229 200 102 47 37 0 0 0 
0 0 0 0 0 0 0 0 0 54 146 205 253 253 253 253 253 253 253 253 253 253 253 253 110 0 0 0 
0 0 0 0 0 0 0 0 0 59 231 253 253 253 253 253 253 253 253 253 253 253 253 253 248 153 0 0 
0 0 0 0 0 0 0 0 0 95 239 253 253 206 61 236 253 253 253 227 214 224 253 253 253 253 0 0 
0 0 0 0 0 0 0 0 0 247 253 253 206 31 0 105 115 115 115 38 0 146 253 253 253 253 0 0 
0 0 0 0 0 0 0 0 0 247 253 206 18 0 0 0 0 0 24 85 155 251 253 253 253 108 0 0 
0 0 0 0 0 0 0 0 108 251 253 115 0 0 0 0 3 107 204 253 253 253 253 253 195 27 0 0 
0 0 0 0 0 0 0 0 146 253 253 115 0 0 0 121 142 253 253 253 253 253 253 197 22 0 0 0 
0 0 0 0 0 0 0 0 146 253 253 241 86 97 231 251 253 253 253 253 253 187 78 13 0 0 0 0 
0 0 0 0 0 0 0 47 221 253 253 253 253 253 253 253 253 253 232 220 76 12 0 0 0 0 0 0 
0 0 0 0 0 0 50 226 253 253 253 253 253 253 253 253 242 129 16 0 0 0 0 0 0 0 0 0 
0 0 0 0 0 0 237 253 253 253 253 253 253 202 104 30 27 0 0 0 0 0 0 0 0 0 0 0 
0 0 0 0 0 0 160 253 253 253 253 253 253 162 0 0 0 0 0 0 0 0 0 0 0 0 0 0 
0 0 0 0 0 0 254 253 253 182 253 253 253 68 0 0 0 0 0 0 0 0 0 0 0 0 0 0 
0 0 0 0 0 0 254 253 253 81 216 253 253 207 30 0 0 0 0 0 0 0 0 0 0 0 0 0 
0 0 0 0 0 0 255 253 253 253 253 253 253 253 123 0 0 0 0 0 0 0 0 0 0 0 0 0 
0 0 0 0 0 0 189 253 253 253 253 253 253 253 123 0 0 0 0 0 0 0 0 0 0 0 0 0 
0 0 0 0 0 0 18 177 253 253 253 253 253 253 123 0 0 0 0 0 0 0 0 0 0 0 0 0 
0 0 0 0 0 0 0 19 99 155 253 168 244 140 48 0 0 0 0 0 0 0 0 0 0 0 0 0 
0 0 0 0 0 0 0 0 0 0 0 0 0 0 0 0 0 0 0 0 0 0 0 0 0 0 0 0 
0 0 0 0 0 0 0 0 0 0 0 0 0 0 0 0 0 0 0 0 0 0 0 0 0 0 0 0 
CLUSTER-7 size: 11 , centroid : 
0 0 0 0 0 0 0 0 0 0 0 0 0 0 0 0 0 0 0 0 0 0 0 0 0 0 0 0 
0 0 0 0 0 0 0 0 0 0 0 0 0 0 0 0 0 0 0 0 0 0 0 0 0 0 0 0 
0 0 0 0 0 0 0 0 0 0 0 0 0 0 0 0 0 0 0 0 0 0 0 0 0 0 0 0 
0 0 0 0 0 0 0 0 0 0 0 0 5 18 18 28 33 23 20 8 0 0 0 0 0 0 0 0 
0 0 0 0 0 0 0 0 0 0 16 45 69 75 83 100 119 130 152 140 91 40 6 0 0 0 0 0 
0 0 0 0 0 0 0 0 12 44 61 70 85 95 110 128 163 210 228 228 219 160 49 0 0 0 0 0 
0 0 0 0 0 0 0 14 40 55 73 87 95 121 134 130 162 202 228 247 220 193 96 31 0 0 0 0 
0 0 0 0 0 0 7 37 41 65 92 97 86 108 137 160 153 130 123 199 225 204 136 51 0 0 0 0 
0 0 0 0 0 0 3 36 41 55 52 72 100 126 144 106 75 32 27 105 206 221 162 46 0 0 0 0 
0 0 0 0 0 0 0 5 22 18 29 65 85 101 78 48 14 0 7 79 214 225 161 34 0 0 0 0 
0 0 0 0 0 0 0 0 0 20 30 55 70 59 37 14 0 0 17 100 238 229 140 11 0 0 0 0 
0 0 0 0 0 0 0 0 0 18 27 58 59 44 11 0 0 0 32 182 252 219 94 1 0 0 0 0 
0 0 0 0 0 0 0 1 16 27 54 57 44 19 0 0 0 1 95 231 250 171 35 0 0 0 0 0 
0 0 0 0 0 0 0 15 25 54 85 88 77 63 54 47 44 59 174 246 221 102 5 0 0 0 0 0 
0 0 0 0 0 0 6 39 85 132 135 119 101 87 92 85 79 127 235 234 173 52 0 0 0 0 0 0 
0 0 0 0 4 17 53 111 162 186 171 156 154 147 154 153 156 221 244 226 139 44 11 0 0 0 0 0 
0 0 0 0 14 42 130 195 232 210 172 139 131 132 169 183 221 249 245 215 133 53 37 15 0 0 0 0 
0 0 0 11 35 107 207 232 203 149 117 93 111 151 186 229 231 220 208 182 134 97 33 8 0 0 0 0 
0 0 0 12 63 186 227 215 142 62 37 36 109 164 226 216 185 150 124 107 115 84 41 9 0 0 0 0 
0 0 0 0 112 204 228 170 70 33 67 113 180 208 209 184 149 82 29 59 56 52 45 0 0 0 0 0 
0 0 0 0 118 196 239 170 132 141 162 199 210 201 181 129 54 25 18 20 44 41 40 17 0 0 0 0 
0 0 0 0 110 171 227 227 184 189 207 194 188 149 85 27 5 0 8 18 45 46 40 40 0 0 0 0 
0 0 0 0 58 143 188 200 204 189 159 134 93 39 19 5 0 0 0 8 24 44 40 40 0 0 0 0 
0 0 0 0 15 48 79 104 86 77 59 31 2 0 0 0 0 0 0 0 22 40 40 40 0 0 0 0 
0 0 0 0 0 14 18 18 18 18 11 0 0 0 0 0 0 0 0 0 0 0 0 0 0 0 0 0 
0 0 0 0 0 0 0 0 0 0 0 0 0 0 0 0 0 0 0 0 0 0 0 0 0 0 0 0 
0 0 0 0 0 0 0 0 0 0 0 0 0 0 0 0 0 0 0 0 0 0 0 0 0 0 0 0 
0 0 0 0 0 0 0 0 0 0 0 0 0 0 0 0 0 0 0 0 0 0 0 0 0 0 0 0 
CLUSTER-8 size: 2 , centroid : 
0 0 0 0 0 0 0 0 0 0 0 0 0 0 0 0 0 0 0 0 0 0 0 0 0 0 0 0 
0 0 0 0 0 0 0 0 0 0 0 0 0 0 0 0 0 0 0 0 0 0 0 0 0 0 0 0 
0 0 0 0 0 0 0 0 0 0 0 0 0 0 0 0 0 0 0 0 0 0 0 0 0 0 0 0 
0 0 0 0 0 0 0 0 0 0 0 0 0 0 0 0 0 0 0 0 0 0 0 0 0 0 0 0 
0 0 0 0 0 0 0 0 0 0 0 0 0 0 0 0 0 0 0 0 0 0 0 0 0 0 0 0 
0 0 0 0 0 0 0 0 0 0 0 0 0 0 0 0 0 0 0 0 0 0 0 0 0 0 0 0 
0 0 0 0 0 0 0 170 170 170 170 170 0 0 0 0 0 0 16 209 178 170 0 0 0 0 0 0 
0 0 0 0 36 78 234 195 170 170 170 170 0 0 0 0 0 0 34 254 238 179 170 0 0 0 0 0 
0 0 0 0 39 84 254 251 206 170 170 170 0 0 0 0 0 0 34 254 254 233 170 0 0 0 0 0 
0 0 0 0 39 84 84 254 243 170 170 170 0 0 0 0 0 0 34 254 254 251 194 0 0 0 0 0 
0 0 0 0 39 84 254 254 243 170 170 170 0 0 0 0 0 0 34 254 254 254 202 0 0 0 0 0 
0 0 0 0 41 84 254 254 240 170 170 170 0 0 0 0 0 0 204 254 254 254 32 0 0 0 0 0 
0 0 0 0 84 84 254 254 197 170 170 170 170 170 170 170 170 191 230 254 254 254 32 0 0 0 0 0 
0 0 0 0 84 84 254 246 185 170 170 170 170 170 177 212 252 253 254 254 254 254 32 0 0 0 0 0 
0 0 0 0 68 84 254 252 245 218 200 200 241 245 247 254 254 254 254 254 254 254 202 0 0 0 0 0 
0 0 0 0 39 254 254 254 254 254 254 254 254 254 254 254 254 254 254 254 254 254 202 0 0 0 0 0 
0 0 0 0 31 253 254 254 254 254 254 254 254 84 84 252 238 215 192 246 254 254 202 0 0 0 0 0 
0 0 0 0 0 214 253 254 254 254 254 254 84 82 75 42 0 0 170 243 254 254 202 0 0 0 0 0 
0 0 0 0 0 170 200 216 252 249 36 36 36 26 0 0 0 0 0 243 254 254 202 170 0 0 0 0 
0 0 0 0 0 170 170 170 170 0 0 0 0 0 0 0 0 0 0 243 254 254 202 170 0 0 0 0 
0 0 0 0 0 170 170 170 170 0 0 0 0 0 0 0 0 0 0 73 254 254 202 170 0 0 0 0 
0 0 0 0 0 170 170 170 0 0 0 0 0 0 0 0 0 0 0 33 254 254 202 170 0 0 0 0 
0 0 0 0 0 0 0 0 0 0 0 0 0 0 0 0 0 0 0 6 240 254 202 170 0 0 0 0 
0 0 0 0 0 0 0 0 0 0 0 0 0 0 0 0 0 0 0 0 204 254 239 229 170 0 0 0 
0 0 0 0 0 0 0 0 0 0 0 0 0 0 0 0 0 0 0 0 178 209 247 222 0 0 0 0 
0 0 0 0 0 0 0 0 0 0 0 0 0 0 0 0 0 0 0 0 0 170 170 170 0 0 0 0 
0 0 0 0 0 0 0 0 0 0 0 0 0 0 0 0 0 0 0 0 0 0 0 0 0 0 0 0 
0 0 0 0 0 0 0 0 0 0 0 0 0 0 0 0 0 0 0 0 0 0 0 0 0 0 0 0 
CLUSTER-9 size: 154 , centroid : 
0 0 0 0 0 0 0 0 0 0 0 0 0 0 0 0 0 0 0 0 0 0 0 0 0 0 0 0 
0 0 0 0 0 0 0 0 0 0 0 0 0 0 0 0 0 0 0 0 0 0 0 0 0 0 0 0 
0 0 0 0 0 0 0 0 0 0 0 0 0 0 0 0 0 0 0 0 0 0 0 0 0 0 0 0 
0 0 0 0 0 0 0 0 0 0 0 0 0 0 0 0 0 0 0 0 0 0 0 0 0 0 0 0 
0 0 0 0 0 0 0 0 0 0 0 0 0 1 2 2 2 0 0 0 0 0 0 0 0 0 0 0 
0 0 0 0 0 0 0 0 0 0 1 15 31 54 78 87 97 94 79 62 34 12 0 0 0 0 0 0 
0 0 0 0 0 0 0 0 0 5 29 49 78 105 116 124 126 117 105 90 54 19 0 0 0 0 0 0 
0 0 0 0 0 0 0 0 0 33 52 74 97 112 117 116 116 114 95 76 54 21 0 0 0 0 0 0 
0 0 0 0 0 0 0 0 3 33 66 90 104 103 90 83 87 83 72 62 46 27 0 0 0 0 0 0 
0 0 0 0 0 0 0 0 8 50 85 101 96 74 49 42 46 63 62 59 46 32 0 0 0 0 0 0 
0 0 0 0 0 0 0 0 22 65 95 95 69 59 36 25 44 52 52 56 55 34 0 0 0 0 0 0 
0 0 0 0 0 0 0 0 38 76 101 90 80 65 44 53 58 52 41 59 51 32 0 0 0 0 0 0 
0 0 0 0 0 0 0 5 56 97 108 107 93 79 76 78 73 63 62 68 51 20 0 0 0 0 0 0 
0 0 0 0 0 0 0 29 73 98 107 99 90 78 89 94 91 86 85 90 61 25 0 0 0 0 0 0 
0 0 0 0 0 0 0 32 70 85 85 77 65 65 72 78 78 93 102 103 72 26 0 0 0 0 0 0 
0 0 0 0 0 0 0 22 56 67 57 47 46 41 43 44 46 81 101 105 75 24 0 0 0 0 0 0 
0 0 0 0 0 0 0 12 37 36 26 24 19 15 18 18 46 79 101 101 66 16 0 0 0 0 0 0 
0 0 0 0 0 0 0 11 22 24 11 8 0 0 0 16 70 89 102 82 45 4 0 0 0 0 0 0 
0 0 0 0 0 0 0 20 4 9 4 1 0 0 0 35 84 103 102 72 33 4 0 0 0 0 0 0 
0 0 0 0 0 0 36 36 10 4 0 0 0 1 36 79 108 121 103 69 21 0 0 0 0 0 0 0 
0 0 0 0 0 2 44 46 41 22 26 17 37 72 106 115 121 120 87 40 0 0 0 0 0 0 0 0 
0 0 0 0 0 0 39 68 83 89 94 101 111 121 128 124 121 96 51 8 0 0 0 0 0 0 0 0 
0 0 0 0 0 0 14 47 68 97 108 121 131 139 128 107 82 50 19 0 0 0 0 0 0 0 0 0 
0 0 0 0 0 0 0 0 33 62 81 101 109 100 73 51 27 3 0 0 0 0 0 0 0 0 0 0 
0 0 0 0 0 0 0 0 0 0 0 0 8 10 3 0 0 0 0 0 0 0 0 0 0 0 0 0 
0 0 0 0 0 0 0 0 0 0 0 0 0 0 0 0 0 0 0 0 0 0 0 0 0 0 0 0 
0 0 0 0 0 0 0 0 0 0 0 0 0 0 0 0 0 0 0 0 0 0 0 0 0 0 0 0 
0 0 0 0 0 0 0 0 0 0 0 0 0 0 0 0 0 0 0 0 0 0 0 0 0 0 0 0 
CLUSTER-10 size: 238 , centroid : 
0 0 0 0 0 0 0 0 0 0 0 0 0 0 0 0 0 0 0 0 0 0 0 0 0 0 0 0 
0 0 0 0 0 0 0 0 0 0 0 0 0 0 0 0 0 0 0 0 0 0 0 0 0 0 0 0 
0 0 0 0 0 0 0 0 0 0 0 0 0 0 0 0 0 0 0 0 0 0 0 0 0 0 0 0 
0 0 0 0 0 0 0 0 0 0 0 0 0 0 0 0 0 0 0 0 1 1 0 0 0 0 0 0 
0 0 0 0 0 0 0 0 0 0 0 0 0 0 0 0 0 0 0 2 1 0 0 0 0 0 0 0 
0 0 0 0 0 0 0 0 0 0 0 0 0 0 0 0 25 35 40 25 0 0 0 0 0 0 0 0 
0 0 0 0 0 0 0 0 0 0 0 0 0 0 22 44 55 65 60 46 17 0 0 0 0 0 0 0 
0 0 0 0 0 0 0 0 0 0 0 0 0 40 57 73 71 61 56 51 32 4 0 0 0 0 0 0 
0 0 0 0 0 0 0 0 0 0 0 0 36 56 62 52 45 40 47 47 47 25 0 0 0 0 0 0 
0 0 0 0 0 0 0 0 0 0 0 25 51 56 36 20 17 27 42 56 55 27 0 0 0 0 0 0 
0 0 0 0 0 0 0 0 0 0 0 34 43 30 4 4 8 29 50 59 49 21 0 0 0 0 0 0 
0 0 0 0 0 0 0 0 0 0 5 35 33 12 1 1 15 41 55 64 43 0 0 0 0 0 0 0 
0 0 0 0 0 0 0 0 0 0 24 33 20 1 0 10 41 58 71 59 26 0 0 0 0 0 0 0 
0 0 0 0 0 0 0 0 0 2 32 29 20 16 28 49 74 81 72 52 5 0 0 0 0 0 0 0 
0 0 0 0 0 0 0 0 0 27 42 37 47 56 64 91 97 86 73 41 0 0 0 0 0 0 0 0 
0 0 0 0 0 0 0 0 15 40 54 55 63 81 93 101 100 84 60 24 0 0 0 0 0 0 0 0 
0 0 0 0 0 0 0 0 27 40 43 49 64 79 94 95 93 85 47 6 0 0 0 0 0 0 0 0 
0 0 0 0 0 0 0 0 22 28 27 39 52 78 94 87 94 66 23 0 0 0 0 0 0 0 0 0 
0 0 0 0 0 0 0 3 15 13 27 42 65 85 90 90 70 32 0 0 0 0 0 0 0 0 0 0 
0 0 0 0 0 0 0 3 20 37 50 65 82 87 83 70 42 0 0 0 0 0 0 0 0 0 0 0 
0 0 0 0 0 0 0 2 25 55 73 76 78 79 67 41 0 0 0 0 0 0 0 0 0 0 0 0 
0 0 0 0 0 0 0 0 34 66 72 70 61 52 30 0 0 0 0 0 0 0 0 0 0 0 0 0 
0 0 0 0 0 0 0 0 26 42 50 40 27 3 0 0 0 0 0 0 0 0 0 0 0 0 0 0 
0 0 0 0 0 0 0 0 2 14 10 2 0 0 0 0 0 0 0 0 0 0 0 0 0 0 0 0 
0 0 0 0 0 0 0 0 0 0 0 0 0 0 0 0 0 0 0 0 0 0 0 0 0 0 0 0 
0 0 0 0 0 0 0 0 0 0 0 0 0 0 0 0 0 0 0 0 0 0 0 0 0 0 0 0 
0 0 0 0 0 0 0 0 0 0 0 0 0 0 0 0 0 0 0 0 0 0 0 0 0 0 0 0 
0 0 0 0 0 0 0 0 0 0 0 0 0 0 0 0 0 0 0 0 0 0 0 0 0 0 0 0 

clustering time: 0.17461 sec.
Silhouette [0 , 0 , 0 , 0 , 0 , 0 , 0 , 0 , 0 , 0 , 0 ]

